              precision    recall  f1-score   support

           0       0.92      0.78      0.85        60
           1       0.91      0.92      0.91        84
           2       0.81      0.90      0.85       164
           3       0.91      0.86      0.88        85
           4       0.83      0.91      0.87        43
           5       0.77      0.64      0.70        36
           6       0.79      0.77      0.78        70

    accuracy                           0.85       542
   macro avg       0.85      0.82      0.83       542
weighted avg       0.85      0.85      0.85       542
